LED式の側面行先表示機をシミュレーションするエミュレータ(GUIアプリ)を作成してください。
コードはPythonで書くものとし、全コードとファイル構成を示してください。作成時には以下の指示に従うこと。

<システム上の概念>
・すでに制作された.bmpファイル幾つかをファイル名と座標で指定し、一つの静止画を作る。この静止画をページと呼ぶ。
・ページの持続時間と、表示データ（ファイル名と原点からの左上相対座標で示す。数は任意。）を並べたものがセクションである。
・座標は左上を原点とし、原点は(0,0)。
・もとになる.bmpファイルは「AAABBBBBBB0000.bmp」の形式でファイル名がついている。「AAABBBBBBB」の部分は任意の文字列で、「0000」の部分は画像ごとの任意の数字、いずれも10桁および４桁の固定長である。
・セクションは、セクションファイルで設定するものとし、テキスト形式のファイル名は「AAABBBBBBB-S00000000.sec」とする。「-s」は固定、「00000000」はセクションファイルごとの任意の数字。１つのセクションでは画像元ファイルの「AAABBBBBBB」の部分は共通で、セクションファイルの記録時はファイル名として「0000」部分を記録するものとする。
・セクションファイルで設定する持続時間の単位はPythonや使用するライブラリの性能上可能であり、かつ分かりやすい単位（例えば、ミリ秒など）とする。
・セクションファイルを並べたものをプロジェクトと呼ぶ。セクションにはそれぞれ次のセクションへの切り替え条件を指定する。
・切り替え条件はセクションファイルの繰り返し回数か、パソコンキーボード上のスペースキーを押した場合かにする。
・実行の際には左右の矢印キーでセクションを前後に切り替えられるものとする。この場合は、前出の切り替え条件を満たさずすぐに切り替える。
・プロジェクトファイルは「AAABBBBBBBあいうえお.prj」という形式にする。「AAABBBBBBB」の部分はやはり共通で、「あいうえお」の部分は可変長の文字列である。
・画像ファイルは、ルートディレクトリ内の「image」ディレクトリに全て入っている。
・プロジェクトファイルは、ルートディレクトリ内の「data」ディレクトリに入れるものとする。セクションファイルはさらに「data」内の「sections」ディレクトリに入れるものとする。

<アプリの設計>
・アプリはGUIアプリとする。
・メインウィンドウが存在し、それぞれの機能はここから呼び出す。今後も機能追加する可能性がある。
・メインウィンドウには、プロジェクトファイルを指定してリスト化することができ、再生ボタンを押すと、再生機能が起動する。
・再生機能では、設定されたページをセクションとプロジェクトに従って表示する。ただし、それぞれの.bmpファイルを10倍に引き伸ばし、元の各ピクセルに、以下の行列を掛け合わせる。「0」のマスは「#1f1f1f」、「1」のマスは元の画像ファイルの色を表示する。
・行列は[
    [0, 0, 0, 0, 0, 0, 0, 0, 0, 0],
    [0, 0, 0, 1, 1, 1, 1, 0, 0, 0],
    [0, 0, 1, 1, 1, 1, 1, 1, 0, 0],
    [0, 1, 1, 1, 1, 1, 1, 1, 1, 0],
    [0, 1, 1, 1, 1, 1, 1, 1, 1, 0],
    [0, 1, 1, 1, 1, 1, 1, 1, 1, 0],
    [0, 1, 1, 1, 1, 1, 1, 1, 1, 0],
    [0, 0, 1, 1, 1, 1, 1, 1, 0, 0],
    [0, 0, 0, 1, 1, 1, 1, 0, 0, 0],
    [0, 0, 0, 0, 0, 0, 0, 0, 0, 0]
]とし、メインウィンドウから、別の設定機能としてこの形状は変更できるものとする。
・ページ・セクション作成機能とプロジェクト作成機能もそれぞれつけること。これらの機能では編集している画像をプレビュー出来るようにすること。
・プレビュー表示では、上の行列や引き伸ばしは適用しなくてよい。
・コードの作成上は、今後の改良や変更の際の可読性に留意すること。

---------
セクション編集機能について、補足説明です。
・編集上で追加した画像を取り消すこともできるようにしてください。
・１セクション内にページは複数配置できるので、まずはページを今のようなプログラムで作成し、さらにページをリストに登録する形で複数ページを用意できるようにすること。
・ページおきに、別々の持続時間を設定できるようにすること。
以上の変更に必要な、書き換えるべき全ファイルの全コードを示してください。

---------
・行列で指定した格子（「0」のマス）については、色を「#000000」にしてください。
・再生場面でなぜか左側が一部切れて表示されてしまいます。

---------
ウィンドウサイズを変更しても、画面切り替え時にもとに戻ってしまいます。
例の、格子のサイズも変更可能なようにしてください